
samplerate equ ( 256 - ( 1000000 / 11025 ) )
bpm equ 1193180 / 50
speed equ 6
songlength equ 128
_mixerlength equ 11025 / (50 / speed)
channels equ 3

MUSICDATA LABEL BYTE

; 0
db 48, 8, 3
db 254, 0, 0
db 0, 2, 8
db 48, 0, 4

; 1
db 48, 8, 1
db 254, 0, 0
db 254, 0, 0
db 254, 0, 0

; 2
db 48, 8, 2
db 254, 0, 0
db 254, 0, 0
db 254, 0, 0

; 3
db 48, 8, 1
db 254, 0, 0
db 254, 0, 0
db 254, 0, 0

; 4
db 48, 8, 2
db 254, 0, 0
db 254, 0, 0
db 40, 0, 5

; 5
db 48, 8, 1
db 254, 0, 0
db 254, 0, 0
db 254, 0, 0

; 6
db 48, 8, 2
db 254, 0, 0
db 254, 0, 0
db 32, 0, 0

; 7
db 48, 8, 1
db 254, 0, 0
db 254, 0, 0
db 254, 0, 0

; 8
db 48, 8, 4
db 254, 0, 0
db 0, 2, 4
db 40, 0, 6

; 9
db 48, 8, 2
db 254, 0, 0
db 254, 0, 0
db 254, 0, 0

; 10
db 48, 8, 3
db 254, 0, 0
db 254, 0, 0
db 48, 0, 0

; 11
db 48, 9, 4
db 254, 0, 0
db 254, 0, 0
db 254, 0, 0

; 12
db 254, 0, 0
db 254, 0, 0
db 254, 2, 0
db 254, 0, 7

; 13
db 48, 8, 2
db 254, 0, 0
db 254, 0, 0
db 254, 0, 0

; 14
db 48, 8, 3
db 254, 0, 0
db 254, 0, 0
db 28, 0, 0

; 15
db 48, 8, 2
db 254, 0, 0
db 254, 0, 0
db 254, 0, 0

; 16
db 48, 8, 5
db 254, 0, 0
db 0, 2, 0
db 254, 0, 8

; 17
db 48, 8, 2
db 254, 0, 0
db 254, 0, 0
db 254, 0, 0

; 18
db 48, 8, 4
db 254, 0, 0
db 254, 0, 0
db 254, 0, 0

; 19
db 48, 8, 2
db 254, 0, 0
db 254, 0, 0
db 254, 0, 0

; 20
db 48, 8, 4
db 254, 0, 0
db 254, 0, 0
db 81, 0, 1

; 21
db 48, 8, 2
db 254, 0, 0
db 254, 0, 0
db 254, 0, 0

; 22
db 48, 8, 4
db 254, 0, 0
db 254, 0, 0
db 254, 0, 0

; 23
db 48, 8, 2
db 254, 0, 0
db 254, 0, 0
db 254, 0, 0

; 24
db 48, 8, 6
db 254, 0, 0
db 0, 2, 8
db 254, 0, 0

; 25
db 48, 8, 3
db 254, 0, 0
db 254, 0, 0
db 254, 0, 0

; 26
db 48, 8, 5
db 254, 0, 0
db 254, 0, 0
db 254, 0, 0

; 27
db 48, 9, 6
db 254, 0, 0
db 254, 0, 0
db 254, 0, 0

; 28
db 254, 0, 0
db 254, 0, 0
db 254, 0, 0
db 32, 0, 11

; 29
db 48, 8, 3
db 254, 0, 0
db 254, 0, 0
db 254, 0, 0

; 30
db 48, 8, 5
db 254, 0, 0
db 254, 0, 0
db 40, 0, 0

; 31
db 48, 8, 3
db 254, 0, 0
db 254, 0, 0
db 254, 0, 0

; 32
db 48, 8, 6
db 254, 0, 0
db 0, 2, 0
db 48, 0, 12

; 33
db 48, 8, 2
db 254, 0, 0
db 254, 0, 0
db 254, 0, 0

; 34
db 48, 8, 5
db 254, 0, 0
db 254, 0, 0
db 254, 0, 0

; 35
db 48, 8, 2
db 254, 0, 0
db 254, 0, 0
db 254, 0, 0

; 36
db 48, 8, 5
db 254, 0, 0
db 254, 0, 0
db 40, 0, 0

; 37
db 48, 8, 2
db 254, 0, 0
db 254, 0, 0
db 254, 0, 0

; 38
db 48, 8, 5
db 254, 0, 0
db 254, 0, 0
db 32, 0, 0

; 39
db 48, 8, 2
db 254, 0, 0
db 254, 0, 0
db 254, 0, 0

; 40
db 48, 8, 6
db 254, 0, 0
db 0, 2, 4
db 40, 0, 0

; 41
db 48, 8, 2
db 254, 0, 0
db 254, 2, 0
db 254, 0, 0

; 42
db 48, 8, 5
db 254, 0, 0
db 254, 0, 0
db 48, 0, 0

; 43
db 48, 9, 6
db 254, 0, 0
db 254, 0, 0
db 254, 0, 0

; 44
db 254, 0, 0
db 254, 0, 0
db 254, 0, 0
db 254, 0, 0

; 45
db 48, 8, 2
db 254, 0, 0
db 254, 0, 0
db 254, 0, 0

; 46
db 48, 8, 5
db 254, 0, 0
db 254, 0, 0
db 28, 0, 0

; 47
db 48, 8, 2
db 254, 0, 0
db 254, 0, 0
db 254, 0, 0

; 48
db 48, 8, 6
db 254, 0, 0
db 0, 2, 4
db 254, 0, 0

; 49
db 48, 8, 2
db 254, 0, 0
db 254, 0, 0
db 254, 0, 0

; 50
db 48, 8, 5
db 254, 0, 0
db 254, 0, 0
db 254, 0, 0

; 51
db 48, 8, 2
db 254, 0, 0
db 254, 0, 0
db 254, 0, 0

; 52
db 48, 8, 5
db 254, 0, 0
db 254, 0, 0
db 254, 0, 1

; 53
db 48, 8, 2
db 254, 0, 0
db 254, 0, 0
db 254, 0, 0

; 54
db 48, 8, 5
db 254, 0, 0
db 254, 0, 0
db 254, 0, 0

; 55
db 48, 8, 2
db 254, 0, 0
db 254, 0, 0
db 254, 0, 0

; 56
db 48, 8, 6
db 254, 0, 0
db 0, 2, 8
db 254, 0, 0

; 57
db 48, 8, 2
db 254, 0, 0
db 254, 0, 0
db 254, 0, 0

; 58
db 48, 8, 5
db 254, 0, 0
db 254, 0, 0
db 254, 0, 0

; 59
db 48, 9, 6
db 254, 0, 0
db 254, 0, 0
db 254, 0, 0

; 60
db 254, 0, 0
db 254, 0, 0
db 254, 0, 0
db 32, 0, 12

; 61
db 48, 8, 2
db 254, 0, 0
db 254, 0, 0
db 254, 0, 0

; 62
db 48, 8, 5
db 254, 0, 0
db 254, 0, 0
db 40, 0, 0

; 63
db 48, 8, 2
db 254, 0, 0
db 254, 0, 0
db 254, 0, 0

; 64
db 48, 8, 6
db 254, 0, 0
db 0, 2, 8
db 48, 0, 12

; 65
db 48, 8, 2
db 254, 0, 0
db 254, 0, 0
db 254, 0, 0

; 66
db 48, 8, 5
db 254, 0, 0
db 254, 0, 0
db 254, 0, 0

; 67
db 48, 8, 2
db 254, 0, 0
db 254, 0, 0
db 254, 0, 0

; 68
db 48, 8, 5
db 254, 0, 0
db 254, 0, 0
db 40, 0, 0

; 69
db 48, 8, 2
db 254, 0, 0
db 254, 0, 0
db 254, 0, 0

; 70
db 48, 8, 5
db 254, 0, 0
db 254, 0, 0
db 32, 0, 0

; 71
db 48, 8, 2
db 254, 0, 0
db 254, 0, 0
db 254, 0, 0

; 72
db 48, 8, 6
db 254, 0, 0
db 0, 2, 4
db 40, 0, 0

; 73
db 48, 8, 2
db 254, 0, 0
db 254, 0, 0
db 254, 0, 0

; 74
db 48, 8, 5
db 254, 0, 0
db 254, 0, 0
db 48, 0, 0

; 75
db 48, 9, 6
db 254, 0, 0
db 254, 0, 0
db 254, 0, 0

; 76
db 254, 0, 0
db 254, 0, 0
db 254, 2, 0
db 254, 0, 0

; 77
db 48, 8, 2
db 254, 0, 0
db 254, 0, 0
db 254, 0, 0

; 78
db 48, 8, 5
db 254, 0, 0
db 254, 0, 0
db 28, 0, 0

; 79
db 48, 8, 2
db 254, 0, 0
db 254, 0, 0
db 254, 0, 0

; 80
db 48, 8, 6
db 254, 0, 0
db 0, 2, 0
db 254, 0, 0

; 81
db 48, 8, 2
db 254, 0, 0
db 254, 0, 0
db 254, 0, 0

; 82
db 48, 8, 5
db 254, 0, 0
db 254, 0, 0
db 254, 0, 0

; 83
db 48, 8, 2
db 254, 0, 0
db 254, 0, 0
db 254, 0, 0

; 84
db 48, 8, 5
db 254, 0, 0
db 254, 0, 0
db 81, 0, 1

; 85
db 48, 8, 2
db 254, 0, 0
db 254, 0, 0
db 254, 0, 0

; 86
db 48, 8, 5
db 254, 0, 0
db 254, 0, 0
db 254, 0, 0

; 87
db 48, 8, 2
db 254, 0, 0
db 254, 0, 0
db 254, 0, 0

; 88
db 48, 8, 6
db 254, 0, 0
db 0, 2, 8
db 254, 0, 0

; 89
db 48, 8, 2
db 254, 0, 0
db 254, 0, 0
db 254, 0, 0

; 90
db 48, 8, 5
db 254, 0, 0
db 254, 0, 0
db 254, 0, 0

; 91
db 48, 9, 6
db 254, 0, 0
db 254, 0, 0
db 254, 0, 0

; 92
db 254, 0, 0
db 254, 0, 0
db 254, 0, 0
db 32, 0, 12

; 93
db 48, 8, 2
db 254, 0, 0
db 254, 0, 0
db 254, 0, 0

; 94
db 48, 8, 5
db 254, 0, 0
db 254, 0, 0
db 40, 0, 0

; 95
db 48, 8, 2
db 254, 0, 0
db 254, 0, 0
db 254, 0, 0

; 96
db 48, 8, 6
db 254, 0, 0
db 0, 2, 0
db 48, 0, 0

; 97
db 48, 8, 2
db 254, 0, 0
db 254, 0, 0
db 254, 0, 0

; 98
db 48, 8, 5
db 254, 0, 0
db 254, 0, 0
db 254, 0, 0

; 99
db 48, 8, 2
db 254, 0, 0
db 254, 0, 0
db 254, 0, 0

; 100
db 48, 8, 5
db 254, 0, 0
db 254, 0, 0
db 40, 0, 0

; 101
db 48, 8, 2
db 254, 0, 0
db 254, 0, 0
db 254, 0, 0

; 102
db 48, 8, 5
db 254, 0, 0
db 254, 0, 0
db 32, 0, 0

; 103
db 48, 8, 2
db 254, 0, 0
db 254, 0, 0
db 254, 0, 0

; 104
db 48, 8, 6
db 254, 0, 0
db 0, 2, 4
db 40, 0, 0

; 105
db 48, 8, 2
db 254, 0, 0
db 254, 2, 0
db 254, 0, 0

; 106
db 48, 8, 5
db 254, 0, 0
db 254, 0, 0
db 48, 0, 0

; 107
db 48, 9, 6
db 254, 0, 0
db 254, 0, 0
db 254, 0, 0

; 108
db 254, 0, 0
db 254, 0, 0
db 254, 0, 0
db 254, 0, 0

; 109
db 48, 8, 2
db 254, 0, 0
db 254, 0, 0
db 254, 0, 0

; 110
db 48, 8, 5
db 254, 0, 0
db 254, 0, 0
db 28, 0, 0

; 111
db 48, 8, 2
db 254, 0, 0
db 254, 0, 0
db 254, 0, 0

; 112
db 48, 8, 6
db 254, 0, 0
db 0, 2, 4
db 254, 0, 0

; 113
db 48, 8, 2
db 254, 0, 0
db 254, 0, 0
db 254, 0, 0

; 114
db 48, 8, 5
db 254, 0, 0
db 254, 0, 0
db 254, 0, 0

; 115
db 48, 8, 2
db 254, 0, 0
db 254, 0, 0
db 254, 0, 0

; 116
db 48, 8, 5
db 254, 0, 0
db 254, 0, 0
db 254, 0, 1

; 117
db 48, 8, 2
db 254, 0, 0
db 254, 0, 0
db 254, 0, 0

; 118
db 48, 8, 5
db 254, 0, 0
db 254, 0, 0
db 254, 0, 0

; 119
db 48, 8, 2
db 254, 0, 0
db 254, 0, 0
db 254, 0, 0

; 120
db 48, 8, 6
db 254, 0, 0
db 0, 2, 8
db 254, 0, 0

; 121
db 48, 8, 2
db 254, 0, 0
db 254, 0, 0
db 254, 0, 0

; 122
db 48, 8, 5
db 254, 0, 0
db 254, 0, 0
db 254, 0, 0

; 123
db 48, 9, 6
db 254, 0, 0
db 254, 0, 0
db 254, 0, 0

; 124
db 254, 0, 0
db 254, 0, 0
db 254, 0, 0
db 32, 0, 12

; 125
db 48, 8, 2
db 254, 0, 0
db 254, 0, 0
db 254, 0, 0

; 126
db 48, 8, 5
db 254, 0, 0
db 254, 0, 0
db 40, 0, 0

; 127
db 48, 8, 2
db 254, 0, 0
db 254, 0, 0
db 254, 0, 0

; 128
db 254, 0, 0
db 254, 0, 0
db 254, 0, 0
db 254, 0, 0

